0.000000000000000000e+00,1.123268355567294402e-01,3.280250925925861337e-03,7.757478698313300391e-01,1.896903453498251180e+00,3.889697649716356009e-01,3.734384155692291873e+00,6.439066993756891177e-01,2.377317105486546900e-01,7.956679343223783951e-02,2.492061662681694517e-03,4.325480607988776427e-01,2.926410022141863743e-01,1.993304036851537356e-02,1.380780911409715348e-03,9.234945930038577014e-03,2.427191552219652368e-02,1.155764567746165629e-02,2.395208679498528857e-03,2.184482418613022028e-03,0.000000000000000000e+00,0.000000000000000000e+00,0.000000000000000000e+00,0.000000000000000000e+00,0.000000000000000000e+00,0.000000000000000000e+00,0.000000000000000000e+00,0.000000000000000000e+00,0.000000000000000000e+00,0.000000000000000000e+00,5.690394584613139812e-05,0.000000000000000000e+00,0.000000000000000000e+00,2.612294970849458497e+00,4.679544920258904561e-02,2.802428643796631036e+00,6.594970887931128622e+00,4.065500700487873625e-02,1.145431455261732845e-01,1.347786568433996068e-04,2.089530117199787668e-03,0.000000000000000000e+00,0.000000000000000000e+00,0.000000000000000000e+00,0.000000000000000000e+00,0.000000000000000000e+00,0.000000000000000000e+00,1.822780690767315771e-04,0.000000000000000000e+00,0.000000000000000000e+00,0.000000000000000000e+00,0.000000000000000000e+00,2.023362947485456750e-03,2.661747638057511238e-03,3.455895122642662037e-04,0.000000000000000000e+00,0.000000000000000000e+00,0.000000000000000000e+00,0.000000000000000000e+00,0.000000000000000000e+00,0.000000000000000000e+00,0.000000000000000000e+00,0.000000000000000000e+00,0.000000000000000000e+00,0.000000000000000000e+00,0.000000000000000000e+00,0.000000000000000000e+00,0.000000000000000000e+00,0.000000000000000000e+00,0.000000000000000000e+00,0.000000000000000000e+00,0.000000000000000000e+00,0.000000000000000000e+00,0.000000000000000000e+00,0.000000000000000000e+00,9.475865881204241232e-05,4.909132678567579809e-03,2.911897563169981313e-05,0.000000000000000000e+00,2.976009765787981584e-04,0.000000000000000000e+00,0.000000000000000000e+00,0.000000000000000000e+00
1.123268355567294402e-01,0.000000000000000000e+00,0.000000000000000000e+00,7.648736624705329730e-04,2.746885110518257345e-01,1.205092947528259122e-02,2.468852350772120230e-01,4.047888454109408417e-03,6.008875807518372809e-03,5.232479516614678503e-04,3.948049975722640756e-05,8.654516878171025817e-04,1.467529175908969218e-04,0.000000000000000000e+00,0.000000000000000000e+00,9.515953301982351135e-05,1.467903222343334773e-04,3.008032875888725700e-04,3.103316364932605706e-05,0.000000000000000000e+00,0.000000000000000000e+00,0.000000000000000000e+00,0.000000000000000000e+00,0.000000000000000000e+00,0.000000000000000000e+00,0.000000000000000000e+00,0.000000000000000000e+00,0.000000000000000000e+00,0.000000000000000000e+00,0.000000000000000000e+00,0.000000000000000000e+00,0.000000000000000000e+00,0.000000000000000000e+00,8.487869829291703333e-03,0.000000000000000000e+00,7.557508507831657910e-03,6.583474321867795187e-03,0.000000000000000000e+00,0.000000000000000000e+00,0.000000000000000000e+00,0.000000000000000000e+00,0.000000000000000000e+00,0.000000000000000000e+00,0.000000000000000000e+00,0.000000000000000000e+00,0.000000000000000000e+00,0.000000000000000000e+00,0.000000000000000000e+00,0.000000000000000000e+00,0.000000000000000000e+00,0.000000000000000000e+00,0.000000000000000000e+00,0.000000000000000000e+00,0.000000000000000000e+00,0.000000000000000000e+00,0.000000000000000000e+00,0.000000000000000000e+00,0.000000000000000000e+00,0.000000000000000000e+00,0.000000000000000000e+00,0.000000000000000000e+00,0.000000000000000000e+00,0.000000000000000000e+00,0.000000000000000000e+00,0.000000000000000000e+00,0.000000000000000000e+00,0.000000000000000000e+00,0.000000000000000000e+00,0.000000000000000000e+00,0.000000000000000000e+00,0.000000000000000000e+00,0.000000000000000000e+00,0.000000000000000000e+00,0.000000000000000000e+00,0.000000000000000000e+00,0.000000000000000000e+00,0.000000000000000000e+00,0.000000000000000000e+00,0.000000000000000000e+00,0.000000000000000000e+00,0.000000000000000000e+00,0.000000000000000000e+00,0.000000000000000000e+00
3.280250925925861337e-03,0.000000000000000000e+00,0.000000000000000000e+00,2.851136805841868876e-02,1.970853496377351606e-04,0.000000000000000000e+00,9.254050611787295946e-03,9.329149318326757437e-03,0.000000000000000000e+00,0.000000000000000000e+00,0.000000000000000000e+00,3.812977347611762238e-04,0.000000000000000000e+00,0.000000000000000000e+00,0.000000000000000000e+00,0.000000000000000000e+00,0.000000000000000000e+00,0.000000000000000000e+00,0.000000000000000000e+00,0.000000000000000000e+00,0.000000000000000000e+00,0.000000000000000000e+00,0.000000000000000000e+00,0.000000000000000000e+00,0.000000000000000000e+00,0.000000000000000000e+00,0.000000000000000000e+00,0.000000000000000000e+00,0.000000000000000000e+00,0.000000000000000000e+00,0.000000000000000000e+00,0.000000000000000000e+00,0.000000000000000000e+00,0.000000000000000000e+00,0.000000000000000000e+00,7.673723657443888742e-04,4.109316351681125638e-04,0.000000000000000000e+00,0.000000000000000000e+00,0.000000000000000000e+00,0.000000000000000000e+00,0.000000000000000000e+00,0.000000000000000000e+00,0.000000000000000000e+00,0.000000000000000000e+00,0.000000000000000000e+00,0.000000000000000000e+00,0.000000000000000000e+00,0.000000000000000000e+00,0.000000000000000000e+00,0.000000000000000000e+00,0.000000000000000000e+00,0.000000000000000000e+00,0.000000000000000000e+00,0.000000000000000000e+00,0.000000000000000000e+00,0.000000000000000000e+00,0.000000000000000000e+00,0.000000000000000000e+00,0.000000000000000000e+00,0.000000000000000000e+00,0.000000000000000000e+00,0.000000000000000000e+00,0.000000000000000000e+00,0.000000000000000000e+00,0.000000000000000000e+00,0.000000000000000000e+00,0.000000000000000000e+00,0.000000000000000000e+00,0.000000000000000000e+00,0.000000000000000000e+00,0.000000000000000000e+00,0.000000000000000000e+00,0.000000000000000000e+00,0.000000000000000000e+00,0.000000000000000000e+00,0.000000000000000000e+00,0.000000000000000000e+00,0.000000000000000000e+00,0.000000000000000000e+00,0.000000000000000000e+00,0.000000000000000000e+00,0.000000000000000000e+00
7.757478698313300391e-01,7.648736624705329730e-04,2.851136805841868876e-02,0.000000000000000000e+00,1.029819805917031456e-01,1.343999484936147550e-02,1.179744161245424694e+00,3.376146624550935837e-01,7.751381580750350483e-03,1.892634423758474734e-03,3.553024663634820604e-04,1.434006460006048977e-01,4.475630357219913258e-02,6.930644894188322039e-03,2.614152223352573211e-03,3.047396580762240449e-04,1.879623410086962839e-04,2.710561352234631656e-04,0.000000000000000000e+00,5.391650794047043614e-04,0.000000000000000000e+00,0.000000000000000000e+00,0.000000000000000000e+00,0.000000000000000000e+00,0.000000000000000000e+00,0.000000000000000000e+00,0.000000000000000000e+00,0.000000000000000000e+00,0.000000000000000000e+00,0.000000000000000000e+00,0.000000000000000000e+00,0.000000000000000000e+00,0.000000000000000000e+00,1.632419967369361236e-01,1.611423189055924952e-04,4.827686815324367942e-01,5.700423184416290034e-01,3.667743095505136353e-04,5.077640915750573219e-02,1.493675939020140697e-04,0.000000000000000000e+00,0.000000000000000000e+00,0.000000000000000000e+00,0.000000000000000000e+00,0.000000000000000000e+00,0.000000000000000000e+00,0.000000000000000000e+00,0.000000000000000000e+00,0.000000000000000000e+00,0.000000000000000000e+00,0.000000000000000000e+00,0.000000000000000000e+00,1.097966748241928619e-03,3.848466474421803748e-04,0.000000000000000000e+00,0.000000000000000000e+00,0.000000000000000000e+00,0.000000000000000000e+00,0.000000000000000000e+00,0.000000000000000000e+00,0.000000000000000000e+00,0.000000000000000000e+00,0.000000000000000000e+00,0.000000000000000000e+00,0.000000000000000000e+00,0.000000000000000000e+00,0.000000000000000000e+00,0.000000000000000000e+00,0.000000000000000000e+00,0.000000000000000000e+00,0.000000000000000000e+00,0.000000000000000000e+00,0.000000000000000000e+00,0.000000000000000000e+00,0.000000000000000000e+00,0.000000000000000000e+00,5.924585932615881014e-04,0.000000000000000000e+00,0.000000000000000000e+00,0.000000000000000000e+00,0.000000000000000000e+00,0.000000000000000000e+00,0.000000000000000000e+00
1.896903453498251180e+00,2.746885110518257345e-01,1.970853496377351606e-04,1.029819805917031456e-01,0.000000000000000000e+00,2.037189411572388309e+01,3.071170617036817418e+01,3.090580789586613530e+00,2.315771395971386148e+00,2.625232294239647768e+00,1.989628581082397360e-02,5.725049856218250577e-01,1.122971186296094714e+00,2.560155020748074439e-01,2.345698161705326169e-04,3.862752713295338758e-01,2.542307982001412170e-01,5.857499435426435225e-02,4.954314130628331009e-02,8.615060075045116728e-03,0.000000000000000000e+00,0.000000000000000000e+00,0.000000000000000000e+00,6.299252825278254999e-04,0.000000000000000000e+00,0.000000000000000000e+00,0.000000000000000000e+00,0.000000000000000000e+00,0.000000000000000000e+00,0.000000000000000000e+00,7.490767649492898871e-04,0.000000000000000000e+00,0.000000000000000000e+00,2.621046162445739736e+00,1.325644525971024223e-01,4.204594412910902079e+00,3.740356807697246211e+00,6.767049012801093499e-02,2.160722817863836888e-03,5.495897062497466859e-04,4.284842920116226859e-05,0.000000000000000000e+00,0.000000000000000000e+00,0.000000000000000000e+00,0.000000000000000000e+00,0.000000000000000000e+00,0.000000000000000000e+00,4.840926314771973956e-04,5.007072425905379105e-04,3.188701600910927411e-04,0.000000000000000000e+00,0.000000000000000000e+00,9.756856897115889554e-04,1.654343279147508713e-02,3.612373981295819228e-03,9.054822702234882408e-05,0.000000000000000000e+00,0.000000000000000000e+00,0.000000000000000000e+00,0.000000000000000000e+00,0.000000000000000000e+00,0.000000000000000000e+00,0.000000000000000000e+00,0.000000000000000000e+00,0.000000000000000000e+00,0.000000000000000000e+00,0.000000000000000000e+00,0.000000000000000000e+00,0.000000000000000000e+00,0.000000000000000000e+00,0.000000000000000000e+00,0.000000000000000000e+00,0.000000000000000000e+00,0.000000000000000000e+00,0.000000000000000000e+00,5.729789093733335002e-04,1.245255176405582649e-02,6.998104455666469292e-05,0.000000000000000000e+00,4.132948366277274546e-05,0.000000000000000000e+00,0.000000000000000000e+00,0.000000000000000000e+00
3.889697649716356009e-01,1.205092947528259122e-02,0.000000000000000000e+00,1.343999484936147550e-02,2.037189411572388309e+01,0.000000000000000000e+00,6.416905058571769871e+01,5.868297802750916503e+00,1.652673573164986465e+01,8.194876801577187564e+01,8.174313628427128942e-01,6.854764699451817433e-01,4.224368740775118702e+00,5.197733773905191867e+00,3.693429119720589848e-02,1.968548270233580411e+01,9.021735520711860801e+00,1.863875065795341124e+00,1.503385376749453606e+00,2.382199353951401088e-01,0.000000000000000000e+00,0.000000000000000000e+00,5.973243591402523566e-04,3.989285314074382353e-03,2.599166590117912737e-04,0.000000000000000000e+00,0.000000000000000000e+00,0.000000000000000000e+00,8.189515680281570084e-05,1.257706292890155471e-04,3.036878265286685821e-02,2.971124728226322894e-03,8.000308977958032726e-04,3.199389595153515131e+01,3.585364032556675795e+00,2.604123568515370479e+01,4.426283635781594938e+01,1.802340387682444645e+00,1.798332611690833110e-03,2.319897310810313529e-02,7.391117377203089726e-04,0.000000000000000000e+00,0.000000000000000000e+00,0.000000000000000000e+00,0.000000000000000000e+00,0.000000000000000000e+00,1.141614512716101614e-04,2.005726209826957668e-03,2.110950359995270465e-03,4.463033682238986589e-03,3.921721319523733835e-04,0.000000000000000000e+00,6.744567187963198098e-04,7.984082487087709734e-02,5.499099347867375531e-02,1.260929020482502673e-03,0.000000000000000000e+00,0.000000000000000000e+00,1.591536839246397532e-04,0.000000000000000000e+00,0.000000000000000000e+00,0.000000000000000000e+00,0.000000000000000000e+00,0.000000000000000000e+00,0.000000000000000000e+00,0.000000000000000000e+00,0.000000000000000000e+00,0.000000000000000000e+00,0.000000000000000000e+00,0.000000000000000000e+00,0.000000000000000000e+00,0.000000000000000000e+00,0.000000000000000000e+00,0.000000000000000000e+00,1.922349449634028044e-04,3.753475110711654988e-02,6.809469948246915649e-02,4.577363566977834348e-04,0.000000000000000000e+00,1.377094452130657063e-04,2.058573351135086160e-05,0.000000000000000000e+00,3.535573054647881650e-05
3.734384155692291873e+00,2.468852350772120230e-01,9.254050611787295946e-03,1.179744161245424694e+00,3.071170617036817418e+01,6.416905058571769871e+01,0.000000000000000000e+00,1.749623322122617424e+02,8.167538887854496465e+01,1.523380932094963391e+01,4.148278531822237603e-01,4.967008951646559645e+00,3.076860624925588539e+01,1.268750726089332836e+01,1.172639688822011556e-02,2.217191220481605551e+00,1.453400171653683515e+00,5.844501087119590155e-01,2.767221192786295525e-01,9.614367072104978984e-02,2.709321504016842105e-05,8.492615000052889079e-05,7.057175032186883100e-04,2.205826577661072329e-03,5.111724136815070773e-04,0.000000000000000000e+00,0.000000000000000000e+00,0.000000000000000000e+00,0.000000000000000000e+00,0.000000000000000000e+00,1.438895229560901642e-02,4.166967235936461250e-05,2.287206720254378399e-04,2.470448314024471514e+01,1.948460483662446174e+00,5.371682237650147584e+01,2.516807923869271590e+01,1.109995995588173967e+00,1.081018131751859332e-02,7.865970337655223132e-03,1.899249308918521070e-04,0.000000000000000000e+00,0.000000000000000000e+00,0.000000000000000000e+00,8.573001975336250039e-05,0.000000000000000000e+00,1.544864546900923379e-04,1.588779422106350800e-02,1.632383381583009732e-02,1.619933762250953466e-02,6.793667205436605856e-04,0.000000000000000000e+00,1.341195303850179626e-02,3.292656912591504503e-01,1.304340008966557163e-01,4.112200119467513781e-04,0.000000000000000000e+00,0.000000000000000000e+00,3.107860482863498015e-05,0.000000000000000000e+00,0.000000000000000000e+00,0.000000000000000000e+00,0.000000000000000000e+00,0.000000000000000000e+00,0.000000000000000000e+00,0.000000000000000000e+00,0.000000000000000000e+00,0.000000000000000000e+00,0.000000000000000000e+00,0.000000000000000000e+00,0.000000000000000000e+00,0.000000000000000000e+00,0.000000000000000000e+00,0.000000000000000000e+00,4.855490040635278303e-04,4.580294582644086482e-02,2.561847436956595780e-01,1.986102299612315433e-03,0.000000000000000000e+00,9.493543837785101830e-04,7.084073528496126016e-05,0.000000000000000000e+00,5.625198192880879192e-05
6.439066993756891177e-01,4.047888454109408417e-03,9.329149318326757437e-03,3.376146624550935837e-01,3.090580789586613530e+00,5.868297802750916503e+00,1.749623322122617424e+02,0.000000000000000000e+00,1.421699844818894292e+02,1.427019741212994006e+02,5.546270742587411462e+01,2.237503408321038556e+00,4.119417357375580480e+01,3.013824064256951729e+01,3.532334797599001597e-02,3.386975048088277429e+00,3.178761331673637613e+00,1.446292042353394036e+00,2.470634711466146993e-01,1.969416859222801741e-01,0.000000000000000000e+00,0.000000000000000000e+00,1.717521666859045588e-04,9.240841282992744545e-04,2.623824965197165326e-04,8.722479012369382533e-05,0.000000000000000000e+00,0.000000000000000000e+00,5.247157708879807354e-05,6.511320488679113851e-05,1.099950435094834353e-02,2.660929408113263915e-03,4.644636452321862854e-03,1.222137921956476347e+01,3.043158362253722604e+00,6.715068751218360887e+01,1.156294085234076618e+01,8.871377194870881944e-01,5.503006384124682106e-03,1.285589043467086703e-02,4.947498400257331662e-04,0.000000000000000000e+00,0.000000000000000000e+00,0.000000000000000000e+00,8.529378532364064239e-05,3.459392294632349893e-05,1.352942286165734762e-04,5.371770063617300334e-03,7.696696673787388129e-03,1.194097642990033653e-02,1.064684964926407426e-03,0.000000000000000000e+00,4.036886677895158357e-03,1.720176851064943724e-01,1.159247059316330236e-01,1.238071193501714094e-03,4.891118063793336272e-05,0.000000000000000000e+00,2.254650616092138214e-04,0.000000000000000000e+00,0.000000000000000000e+00,0.000000000000000000e+00,0.000000000000000000e+00,0.000000000000000000e+00,0.000000000000000000e+00,0.000000000000000000e+00,0.000000000000000000e+00,0.000000000000000000e+00,0.000000000000000000e+00,0.000000000000000000e+00,0.000000000000000000e+00,0.000000000000000000e+00,0.000000000000000000e+00,0.000000000000000000e+00,5.155077696413271331e-04,7.907679062979217077e-02,1.739001493955780187e-01,8.626680434479715946e-04,0.000000000000000000e+00,5.992668706634358706e-04,1.052716450780795512e-04,0.000000000000000000e+00,1.227215290037771231e-04
2.377317105486546900e-01,6.008875807518372809e-03,0.000000000000000000e+00,7.751381580750350483e-03,2.315771395971386148e+00,1.652673573164986465e+01,8.167538887854496465e+01,1.421699844818894292e+02,0.000000000000000000e+00,1.501810223719664350e+02,1.579201982492967815e+01,6.824371168680083422e-01,3.803027886645025291e+01,1.099966883479550148e+02,1.786442870421057483e-01,2.319956757508281342e+01,1.721596894023205593e+01,1.831801662238136785e+01,1.394132185894169318e+00,1.605531612695269228e+00,0.000000000000000000e+00,4.320453975874023874e-04,2.400032053625727850e-03,3.283774827635299858e-03,1.577628358131458923e-03,0.000000000000000000e+00,0.000000000000000000e+00,0.000000000000000000e+00,1.211116495466241694e-04,1.116160315079999817e-04,1.123151684508328675e-02,1.390225968158303885e-03,2.000133069890892845e-03,3.526499288194818149e+01,1.139483713224045935e+01,9.965616114535853853e+01,5.179268763008430909e+01,4.223475279531463400e+00,6.092519668670498545e-03,3.696108561587485575e-02,4.682614806625289873e-03,0.000000000000000000e+00,0.000000000000000000e+00,0.000000000000000000e+00,0.000000000000000000e+00,0.000000000000000000e+00,5.408170747753582915e-04,1.201260882567151654e-02,1.601496407794707547e-02,3.246885453358254459e-02,3.890899083185077496e-03,1.717665985333350585e-05,2.847150060619804430e-03,3.901944115835757065e-01,3.781875733664382677e-01,4.816133954737413479e-03,5.567595703058918129e-05,8.962453931327927809e-05,1.087110772865983307e-03,0.000000000000000000e+00,2.573131914391745792e-05,0.000000000000000000e+00,0.000000000000000000e+00,0.000000000000000000e+00,0.000000000000000000e+00,0.000000000000000000e+00,0.000000000000000000e+00,0.000000000000000000e+00,0.000000000000000000e+00,0.000000000000000000e+00,0.000000000000000000e+00,0.000000000000000000e+00,0.000000000000000000e+00,0.000000000000000000e+00,2.848697580052832017e-03,2.893516735744161017e-01,3.877823762597032431e-01,3.771678778573710807e-03,0.000000000000000000e+00,4.112224100397421107e-04,6.558632284638128826e-04,0.000000000000000000e+00,9.577721686600356625e-04
7.956679343223783951e-02,5.232479516614678503e-04,0.000000000000000000e+00,1.892634423758474734e-03,2.625232294239647768e+00,8.194876801577187564e+01,1.523380932094963391e+01,1.427019741212994006e+02,1.501810223719664350e+02,0.000000000000000000e+00,1.823241913294279470e+02,1.893202324052817298e-01,5.889426789019261754e+00,3.365001268953021452e+01,3.969636087514807343e-01,1.998735695926209814e+02,7.536176167475372267e+01,2.653116464894269555e+01,8.775752605052018041e+00,3.180096158933888972e+00,4.898380738348922288e-05,3.480856716899967396e-04,3.794292044019184889e-03,1.091446669996871434e-02,1.123832708800415452e-03,1.614193401062600163e-04,0.000000000000000000e+00,0.000000000000000000e+00,7.054235355491608435e-04,2.770222690034462431e-03,9.629185797944411762e-02,2.773088335700835128e-02,1.826479938174449189e-02,1.058014258564213605e+02,1.106423915618944775e+01,3.609393546127098773e+01,6.169344239556515674e+01,4.047443613933077167e+00,2.192641474883357412e-03,8.790416355348287802e-02,1.085517121716629563e-02,0.000000000000000000e+00,0.000000000000000000e+00,0.000000000000000000e+00,0.000000000000000000e+00,3.913316133686288212e-05,4.047938816049724813e-04,1.125291876246968699e-03,1.535227681778492288e-03,7.481414521565207289e-03,4.522005185953623975e-03,2.074442794140158111e-04,1.393860292891955068e-03,8.241131893178484102e-02,1.307577679624850608e-01,8.915238562859206101e-03,2.488966159801632222e-04,2.192338454751369700e-04,1.847799009234183960e-03,9.312818310623695328e-05,1.326050213471631543e-04,0.000000000000000000e+00,0.000000000000000000e+00,0.000000000000000000e+00,0.000000000000000000e+00,0.000000000000000000e+00,0.000000000000000000e+00,0.000000000000000000e+00,0.000000000000000000e+00,0.000000000000000000e+00,0.000000000000000000e+00,0.000000000000000000e+00,0.000000000000000000e+00,0.000000000000000000e+00,2.358127604041823297e-03,1.562977904029871912e-01,1.263216607725739515e-01,1.852756127011762326e-03,3.716579753410976502e-05,9.774517914914109895e-05,1.658939190351888719e-04,0.000000000000000000e+00,1.565047630447284621e-03
2.492061662681694517e-03,3.948049975722640756e-05,0.000000000000000000e+00,3.553024663634820604e-04,1.989628581082397360e-02,8.174313628427128942e-01,4.148278531822237603e-01,5.546270742587411462e+01,1.579201982492967815e+01,1.823241913294279470e+02,0.000000000000000000e+00,4.850404333451705484e-03,2.893074263176824701e-01,4.904696763958227734e+00,1.339199997058501568e+00,9.285500947476737110e+01,3.444977039506629524e+01,8.899155464825700790e+01,2.381497372070726648e+00,6.000094557165859044e+00,3.348876633911353944e-04,3.278299243102356314e-04,4.117288867044309811e-03,1.164714590498730322e-02,1.153372361476607275e-03,7.692563190943167879e-04,0.000000000000000000e+00,0.000000000000000000e+00,1.112106469146692490e-03,4.720958339512516116e-03,1.044083676847591957e-01,2.117558855247012733e-02,3.546176593735665683e-02,1.252944653250975904e+01,3.438463749403847913e+00,9.191057294003213585e+00,7.526075397679006684e+00,1.080664980439848044e+00,3.928342662741112130e-04,7.417904451152648737e-02,2.561123923251053952e-03,0.000000000000000000e+00,0.000000000000000000e+00,0.000000000000000000e+00,0.000000000000000000e+00,0.000000000000000000e+00,0.000000000000000000e+00,0.000000000000000000e+00,2.236738645946325125e-05,3.716895998328314068e-05,7.104975744421827485e-03,3.517336968179795263e-03,0.000000000000000000e+00,2.144046104268418698e-03,7.216565946885914601e-03,3.455419537000346038e-03,5.583607328815635290e-04,0.000000000000000000e+00,5.573084354653748710e-04,0.000000000000000000e+00,1.321015995592535641e-04,0.000000000000000000e+00,0.000000000000000000e+00,0.000000000000000000e+00,0.000000000000000000e+00,0.000000000000000000e+00,0.000000000000000000e+00,0.000000000000000000e+00,0.000000000000000000e+00,0.000000000000000000e+00,0.000000000000000000e+00,0.000000000000000000e+00,0.000000000000000000e+00,0.000000000000000000e+00,1.223196201173622102e-04,1.652538421827517631e-02,6.628835511404354217e-03,1.104100219630102086e-04,0.000000000000000000e+00,0.000000000000000000e+00,0.000000000000000000e+00,0.000000000000000000e+00,2.353338190800019893e-04
4.325480607988776427e-01,8.654516878171025817e-04,3.812977347611762238e-04,1.434006460006048977e-01,5.725049856218250577e-01,6.854764699451817433e-01,4.967008951646559645e+00,2.237503408321038556e+00,6.824371168680083422e-01,1.893202324052817298e-01,4.850404333451705484e-03,0.000000000000000000e+00,3.852381493775955956e+00,1.520006242961279286e-01,3.059072411516888454e-02,2.811498519193209381e-02,1.466462852926543950e-02,5.818241031164305549e-03,2.297220551409995346e-03,4.972473443242308999e-03,0.000000000000000000e+00,0.000000000000000000e+00,0.000000000000000000e+00,0.000000000000000000e+00,0.000000000000000000e+00,0.000000000000000000e+00,0.000000000000000000e+00,0.000000000000000000e+00,0.000000000000000000e+00,0.000000000000000000e+00,0.000000000000000000e+00,0.000000000000000000e+00,0.000000000000000000e+00,1.343973712476948856e+00,2.948373608620315917e-02,1.042595634068496580e+01,1.461944563297955746e+00,1.317318926021191286e-02,2.531164894504831508e-01,2.622034577379028352e-03,0.000000000000000000e+00,6.273780348199060148e-04,0.000000000000000000e+00,0.000000000000000000e+00,4.951268440221346561e-04,9.295638960394515165e-04,2.482023442746374370e-04,1.433414515473634306e-02,8.932606238765655737e-03,3.732266916504311822e-03,2.284354075748650295e-04,0.000000000000000000e+00,3.198702848801194265e-01,4.709857559585930997e-01,1.759383876135276956e-02,7.556222152788718606e-05,0.000000000000000000e+00,0.000000000000000000e+00,0.000000000000000000e+00,0.000000000000000000e+00,0.000000000000000000e+00,0.000000000000000000e+00,0.000000000000000000e+00,0.000000000000000000e+00,0.000000000000000000e+00,0.000000000000000000e+00,0.000000000000000000e+00,0.000000000000000000e+00,0.000000000000000000e+00,0.000000000000000000e+00,0.000000000000000000e+00,0.000000000000000000e+00,0.000000000000000000e+00,0.000000000000000000e+00,1.402449369892469575e-03,5.263705856762564139e-03,7.067098432454608226e-01,3.579266598639846246e-03,0.000000000000000000e+00,4.491832582272874130e-02,0.000000000000000000e+00,0.000000000000000000e+00,0.000000000000000000e+00
2.926410022141863743e-01,1.467529175908969218e-04,0.000000000000000000e+00,4.475630357219913258e-02,1.122971186296094714e+00,4.224368740775118702e+00,3.076860624925588539e+01,4.119417357375580480e+01,3.803027886645025291e+01,5.889426789019261754e+00,2.893074263176824701e-01,3.852381493775955956e+00,0.000000000000000000e+00,1.428299035258664951e+01,1.180396790466990975e-01,5.073226781821535969e-01,3.556331756614966588e-01,3.916260972839401000e-01,5.074310130473006636e-02,8.021766739757223152e-02,0.000000000000000000e+00,0.000000000000000000e+00,0.000000000000000000e+00,1.426298841021407570e-03,0.000000000000000000e+00,2.311675074636791987e-03,0.000000000000000000e+00,0.000000000000000000e+00,2.681636238999464565e-05,2.951837605748598093e-05,1.042608705405449537e-03,3.004085425537640831e-05,1.934227322834736922e-04,4.611833598301872783e+00,5.328356759193050962e+00,1.424408214432952775e+02,5.507351224050128558e+00,3.764990977681400564e-01,2.803221726998940122e-01,3.558274667621509624e-02,4.337906465360979666e-05,1.862237393723453240e-03,0.000000000000000000e+00,0.000000000000000000e+00,4.924494565792927013e-03,8.556966288383101304e-03,1.839861451683785093e-02,3.187317377899924198e-01,3.571320621822131613e-01,5.034318060604033862e-01,6.026536816873263175e-02,2.831823727519010552e-03,5.237801879153397566e-01,3.528332118678345175e+00,2.181783804399235471e+00,1.927091578659586441e-02,3.458562949449568106e-03,1.955203984691045258e-03,9.516670593330977743e-03,1.166870749701128943e-05,6.312458996176017719e-04,0.000000000000000000e+00,0.000000000000000000e+00,0.000000000000000000e+00,3.152674908681949296e-04,0.000000000000000000e+00,0.000000000000000000e+00,0.000000000000000000e+00,0.000000000000000000e+00,0.000000000000000000e+00,0.000000000000000000e+00,0.000000000000000000e+00,0.000000000000000000e+00,0.000000000000000000e+00,7.401576231141299145e-02,2.539570135749320112e+00,9.073210631659250680e+00,1.019057188577266598e-01,1.349552514219450831e-03,1.207837802474830552e-01,9.591384558679931852e-03,0.000000000000000000e+00,1.141682356797792813e-02
1.993304036851537356e-02,0.000000000000000000e+00,0.000000000000000000e+00,6.930644894188322039e-03,2.560155020748074439e-01,5.197733773905191867e+00,1.268750726089332836e+01,3.013824064256951729e+01,1.099966883479550148e+02,3.365001268953021452e+01,4.904696763958227734e+00,1.520006242961279286e-01,1.428299035258664951e+01,0.000000000000000000e+00,7.165378943115564425e+01,1.323507914814533315e+01,2.618319758944966580e+01,4.748081994736277522e+01,5.299805310165413452e+00,1.683999695933409058e+01,4.236578957947962666e-03,6.781882688378355548e-03,6.723030318179384901e-02,9.745030879796385825e-01,2.365714257212412838e-02,2.078998080571415330e-01,0.000000000000000000e+00,0.000000000000000000e+00,2.457731958912815623e-02,5.468197866370648474e-02,4.297593833850267830e-01,1.351416897552833174e-01,1.981631520337738261e-01,3.182596948878339660e+01,1.681465188193237452e+02,2.924303239260893292e+02,1.898927825531579217e+01,2.314619554788874378e+00,1.621941456463867615e-01,3.767081284740255853e+01,7.322741161758271507e-03,1.945788312323674355e-04,0.000000000000000000e+00,0.000000000000000000e+00,0.000000000000000000e+00,1.940603300629580421e-03,1.675746712763640997e-02,1.155692170021297288e-01,1.688450892425340799e-01,4.569303747899899903e-01,8.198241456076087175e-02,3.804710364921482565e-03,7.561695403791228107e-03,2.193007926975434341e+00,4.228641945658503154e+00,8.215228262983981011e+00,5.989514158070043635e-03,7.476181181545907793e-03,4.996409841277130170e-02,3.423962710588656939e-03,3.009015532066525514e-02,0.000000000000000000e+00,0.000000000000000000e+00,3.034220050729713496e-05,2.148619160164444430e-02,0.000000000000000000e+00,2.433807845958420573e-03,0.000000000000000000e+00,0.000000000000000000e+00,0.000000000000000000e+00,0.000000000000000000e+00,0.000000000000000000e+00,3.589495429587224925e-05,0.000000000000000000e+00,7.939192984634786676e-02,2.988791139483996773e+01,6.463680802647509438e+00,1.019810692120721729e-01,6.627255786180808253e-03,4.274080040227397348e-02,2.056595042546369267e+00,0.000000000000000000e+00,5.061381289173151998e+00
1.380780911409715348e-03,0.000000000000000000e+00,0.000000000000000000e+00,2.614152223352573211e-03,2.345698161705326169e-04,3.693429119720589848e-02,1.172639688822011556e-02,3.532334797599001597e-02,1.786442870421057483e-01,3.969636087514807343e-01,1.339199997058501568e+00,3.059072411516888454e-02,1.180396790466990975e-01,7.165378943115564425e+01,0.000000000000000000e+00,1.087578624307182107e+00,7.637670513034571229e+00,4.020631466670254639e+01,1.895345865035341149e+01,1.261858809494168696e+02,1.496963104657036137e-01,1.013668669479158430e-01,1.263228848036134888e+00,7.405041312025464784e+00,5.251252328187209217e-01,2.193807714234194517e+00,0.000000000000000000e+00,0.000000000000000000e+00,3.408572578102397332e-01,4.681385962053160599e-01,1.621509994355398776e+00,7.423175878873704558e-01,8.061052866847060461e-01,7.181778261089940329e+00,9.190911173688964197e+01,1.009755068857168325e+01,2.630018068736713843e+00,8.912908296098831507e-01,4.532554794360236713e-03,7.334294595211903811e+01,1.051419922866114048e-02,0.000000000000000000e+00,0.000000000000000000e+00,0.000000000000000000e+00,0.000000000000000000e+00,0.000000000000000000e+00,4.443313153820174430e-05,1.674846444904016911e-04,7.493601609030281193e-04,2.412528335959225004e-03,2.977991461209449683e-03,1.030111344224696928e-03,0.000000000000000000e+00,1.001689964488946226e-02,1.095744012122951005e+01,3.379359111301911867e+01,9.727360989131514108e-04,1.987957136765657398e-02,2.196964163520081503e-01,1.202411730461125650e-01,6.556250316559374403e-01,7.258246393179640420e-04,4.466063305407749805e-04,8.900352865599196750e-03,5.614163514753244683e-02,3.563979501372900225e-04,1.904998328376691702e-03,0.000000000000000000e+00,0.000000000000000000e+00,9.919846940777247730e-04,1.502942482955576793e-04,1.827660342819086101e-03,7.181512995722724030e-03,2.911733538809785425e-04,2.962740915905749672e-02,5.765523221460802539e+00,2.118216747738006500e-01,8.190674248389274645e-03,7.269394236838138497e-04,5.602811372275426274e-04,1.269757177743850551e+00,0.000000000000000000e+00,5.702156273080282389e+00
9.234945930038577014e-03,9.515953301982351135e-05,0.000000000000000000e+00,3.047396580762240449e-04,3.862752713295338758e-01,1.968548270233580411e+01,2.217191220481605551e+00,3.386975048088277429e+00,2.319956757508281342e+01,1.998735695926209814e+02,9.285500947476737110e+01,2.811498519193209381e-02,5.073226781821535969e-01,1.323507914814533315e+01,1.087578624307182107e+00,0.000000000000000000e+00,2.210191410901672953e+02,3.812870373153045733e+01,2.327909949731628458e+01,1.945427810259913670e+01,4.763134326466525719e-04,6.160650323228043226e-04,5.338666324941876949e-03,9.268156683887819255e-03,1.160393905513850332e-03,1.386738869635270848e-04,0.000000000000000000e+00,0.000000000000000000e+00,9.132712022615845473e-04,4.034938014051506552e-03,2.260058692279515169e-01,3.986265740055729839e-02,2.123073672001401721e-02,3.825395478224943702e+01,4.654339014947955100e+00,8.325211188741910462e+00,1.995252992664149971e+01,1.667832032542358567e+00,4.523515283610454870e-04,6.926861082702141792e-02,7.289755382968816574e-03,0.000000000000000000e+00,0.000000000000000000e+00,0.000000000000000000e+00,0.000000000000000000e+00,0.000000000000000000e+00,2.934717474183530552e-05,2.448174455920476187e-05,9.469661732308612553e-05,6.866053309416966441e-04,3.341225050584442960e-04,6.670262019957218323e-04,2.118735291777211965e-05,6.805309849222740577e-03,2.146305076854002070e-02,2.545361514687767123e-03,0.000000000000000000e+00,5.054322243702675182e-05,3.543568269260391522e-04,5.641269648533728021e-05,0.000000000000000000e+00,0.000000000000000000e+00,0.000000000000000000e+00,0.000000000000000000e+00,0.000000000000000000e+00,0.000000000000000000e+00,0.000000000000000000e+00,0.000000000000000000e+00,0.000000000000000000e+00,0.000000000000000000e+00,0.000000000000000000e+00,0.000000000000000000e+00,0.000000000000000000e+00,0.000000000000000000e+00,3.385858466251078815e-04,3.887755096650557379e-02,2.039846379410256705e-02,2.143542325319430428e-04,0.000000000000000000e+00,0.000000000000000000e+00,0.000000000000000000e+00,0.000000000000000000e+00,2.764608007831993188e-04
2.427191552219652368e-02,1.467903222343334773e-04,0.000000000000000000e+00,1.879623410086962839e-04,2.542307982001412170e-01,9.021735520711860801e+00,1.453400171653683515e+00,3.178761331673637613e+00,1.721596894023205593e+01,7.536176167475372267e+01,3.444977039506629524e+01,1.466462852926543950e-02,3.556331756614966588e-01,2.618319758944966580e+01,7.637670513034571229e+00,2.210191410901672953e+02,0.000000000000000000e+00,5.748346640261656404e+01,2.757565629235538154e+02,4.717723718548260337e+01,5.340994626121108729e-02,2.180838375246331451e-01,1.119574238831760882e+00,2.479960605436507315e+00,6.058223991311983969e-01,1.084991154619048132e-01,0.000000000000000000e+00,0.000000000000000000e+00,4.990339264360268423e-01,1.131561908893332191e+00,1.962519226727096822e+01,6.128015960415304164e+00,5.684690325182127912e-01,9.214558278750840259e+01,2.411878449353791609e+01,2.143722333486248388e+01,4.511813804265950978e+01,6.345096841216046890e+00,8.705178750996573570e-04,4.059841557050128280e+00,6.620658030402108707e-02,0.000000000000000000e+00,0.000000000000000000e+00,0.000000000000000000e+00,0.000000000000000000e+00,0.000000000000000000e+00,1.322911790488958653e-04,0.000000000000000000e+00,2.076606092638297904e-04,1.090579878907073363e-03,7.481619339494805865e-04,3.507111006803298605e-05,0.000000000000000000e+00,7.193153700422848067e-03,2.929167160397625272e-02,3.742700767812916912e-02,1.014740649481958129e-04,9.420270212749891608e-04,4.284949606739224537e-03,5.748511896728833318e-04,1.239411011393378803e-03,0.000000000000000000e+00,0.000000000000000000e+00,0.000000000000000000e+00,0.000000000000000000e+00,0.000000000000000000e+00,0.000000000000000000e+00,0.000000000000000000e+00,0.000000000000000000e+00,0.000000000000000000e+00,0.000000000000000000e+00,0.000000000000000000e+00,3.612385400488820920e-05,0.000000000000000000e+00,1.699200209464609822e-03,1.071672753053213994e-01,3.079293432821491455e-02,8.657267604333414432e-04,4.541963410078276610e-05,0.000000000000000000e+00,7.845815883702408899e-04,0.000000000000000000e+00,1.437127479832039055e-02
1.155764567746165629e-02,3.008032875888725700e-04,0.000000000000000000e+00,2.710561352234631656e-04,5.857499435426435225e-02,1.863875065795341124e+00,5.844501087119590155e-01,1.446292042353394036e+00,1.831801662238136785e+01,2.653116464894269555e+01,8.899155464825700790e+01,5.818241031164305549e-03,3.916260972839401000e-01,4.748081994736277522e+01,4.020631466670254639e+01,3.812870373153045733e+01,5.748346640261656404e+01,0.000000000000000000e+00,1.042587557189969942e+02,6.201690780509080696e+02,5.160474709952219996e+01,9.405379787543333236e+01,2.785055111523424642e+01,1.382572077468395300e+01,2.682878868622291080e+00,1.884721806821741397e-01,4.085140672255335427e-05,0.000000000000000000e+00,1.467461678943833059e+00,1.915344269898715313e+00,6.373484656160147033e+00,2.600580645952926151e+00,1.332218289819346868e+00,3.985771950342913783e+01,2.701092798740252476e+01,3.237229548566610049e+01,3.312690033305159432e+01,6.817054358760169741e+00,1.305993907508654897e-03,7.766148057815080996e+00,5.930941007629308981e-02,0.000000000000000000e+00,0.000000000000000000e+00,0.000000000000000000e+00,0.000000000000000000e+00,0.000000000000000000e+00,0.000000000000000000e+00,0.000000000000000000e+00,9.717270788408842084e-05,9.476010037356693899e-04,8.724720017873021901e-04,1.217513250159825726e-03,1.437101405930960621e-05,9.736370969715068061e-03,3.989906246089735403e-02,1.294135025357776025e-01,1.692261227744075862e-05,9.659671035447117346e-04,1.275293903342166954e-02,1.637370132986397256e-03,7.012497074689444214e-03,2.960461421753573207e-03,0.000000000000000000e+00,6.913015114680059830e-05,2.711685518892427101e-04,0.000000000000000000e+00,0.000000000000000000e+00,0.000000000000000000e+00,0.000000000000000000e+00,0.000000000000000000e+00,0.000000000000000000e+00,3.249995698883568519e-05,1.597794352535507876e-04,0.000000000000000000e+00,1.764053484153950023e-03,1.239819687673900106e-01,3.807030597633295071e-02,7.939773067805451588e-04,3.864503914140349743e-05,0.000000000000000000e+00,4.053399565638816232e-03,0.000000000000000000e+00,2.550271185528595747e-02
2.395208679498528857e-03,3.103316364932605706e-05,0.000000000000000000e+00,0.000000000000000000e+00,4.954314130628331009e-02,1.503385376749453606e+00,2.767221192786295525e-01,2.470634711466146993e-01,1.394132185894169318e+00,8.775752605052018041e+00,2.381497372070726648e+00,2.297220551409995346e-03,5.074310130473006636e-02,5.299805310165413452e+00,1.895345865035341149e+01,2.327909949731628458e+01,2.757565629235538154e+02,1.042587557189969942e+02,0.000000000000000000e+00,2.749119236729885642e+02,1.353341913330540969e+01,7.214193952732675541e+01,6.502492521695930350e+01,8.574407980401879570e+01,3.016220755150087030e+01,2.413918839919735770e+00,1.281260751582155013e-03,7.496903783741878978e-04,1.358228253466188207e+01,2.246292107307283814e+01,1.019453260775233048e+02,4.238095923265758813e+01,8.431085250901121597e+00,4.529976849496869562e+01,2.689957903066461853e+01,1.215467865182538354e+01,1.482430009694591178e+01,3.680287537467560544e+00,4.003027471992320159e-04,4.839697328833619849e+01,6.472225355364143173e-02,0.000000000000000000e+00,0.000000000000000000e+00,0.000000000000000000e+00,0.000000000000000000e+00,0.000000000000000000e+00,0.000000000000000000e+00,0.000000000000000000e+00,0.000000000000000000e+00,0.000000000000000000e+00,2.813920901556039961e-05,0.000000000000000000e+00,0.000000000000000000e+00,7.782414686474120472e-04,8.725010089557876797e-03,8.461561871078178421e-02,0.000000000000000000e+00,1.859865037639240942e-04,3.300856820900119597e-03,1.068992677972019400e-03,3.759567680141990154e-03,0.000000000000000000e+00,0.000000000000000000e+00,1.058507051446904253e-04,2.541829351231824881e-04,0.000000000000000000e+00,0.000000000000000000e+00,0.000000000000000000e+00,0.000000000000000000e+00,0.000000000000000000e+00,0.000000000000000000e+00,0.000000000000000000e+00,1.999148330353944398e-05,0.000000000000000000e+00,7.345274951622961582e-04,7.587913156149830862e-02,1.034274005339668248e-02,1.823516648836944907e-04,0.000000000000000000e+00,0.000000000000000000e+00,4.092263703786402050e-03,0.000000000000000000e+00,4.894577213173546826e-02
